<?xml version="1.0"?>
<opencv_storage>
<cameraMatrixL type_id="opencv-matrix">
  <rows>3</rows>
  <cols>3</cols>
  <dt>d</dt>
  <data>
    389.88796002349034 0. 344.39160195591603 0. 378.22195374419505
    181.63378617986808 0. 0. 1.</data></cameraMatrixL>
<distCoeffsL type_id="opencv-matrix">
  <rows>1</rows>
  <cols>5</cols>
  <dt>d</dt>
  <data>
    -0.47065033632393005 0.27441424037018386 1.0688475842582478e-05
    0.00048073263007435732 -0.10966827348684229</data></distCoeffsL>
<cameraMatrixR type_id="opencv-matrix">
  <rows>3</rows>
  <cols>3</cols>
  <dt>d</dt>
  <data>
    398.70315524476052 0. 318.03108996359668 0. 401.17878521126642
    174.01600373886842 0. 0. 1.</data></cameraMatrixR>
<distCoeffsR type_id="opencv-matrix">
  <rows>1</rows>
  <cols>5</cols>
  <dt>d</dt>
  <data>
    -0.46400491481175815 0.25509198601954641 -0.00055305640528460743
    -0.00013063645501211189 -0.081883965139993575</data></distCoeffsR>
<R type_id="opencv-matrix">
  <rows>3</rows>
  <cols>3</cols>
  <dt>d</dt>
  <data>
    0.99984344052835283 0.0010544569511169736 0.017663027853807741
    -0.0011225530549574521 0.99999197474067913 0.0038458196624034341
    -0.01765883085215306 -0.0038650452487861337 0.99983660020933407</data></R>
<T type_id="opencv-matrix">
  <rows>3</rows>
  <cols>1</cols>
  <dt>d</dt>
  <data>
    -117.24319171580302 1.1666062426314678 25.552294847130742</data></T>
<E type_id="opencv-matrix">
  <rows>3</rows>
  <cols>3</cols>
  <dt>d</dt>
  <data>
    0.0080829043321252528 -25.556598769253636 1.0681461014730069
    23.477916702274182 -0.42620644617513886 117.67536509843323
    -1.0348118963409643 -117.24348094484766 -0.47150197054159632</data></E>
<F type_id="opencv-matrix">
  <rows>3</rows>
  <cols>3</cols>
  <dt>d</dt>
  <data>
    1.3084352010481721e-08 -4.2646257617175189e-05 0.0084156431187115653
    3.7770788565217017e-05 -7.0682125185905484e-07 0.060931573454331159
    -0.0072447589592429407 -0.06431805363268811 1.</data></F>
</opencv_storage>
